3 11  3 12  3 13  4 5  4 6  4 7  4 8  4 9  4 10  4 11  4 12  5 5  5 12  6 5  6 12  9 12  10 12  11 12  12 12  -1 -1
8 7  8 8  8 9  8 10  8 11  8 12  8 13  8 14  8 15  8 16  8 17  8 18  5 12  6 12  7 12  6 7  7 7  9 7  9 12  10 12  11 12  12 12  -1 -1
7 4  7 5  4 6  4 7  5 6  5 7  6 6  6 7  7 6  7 7  7 8  8 8  9 8  10 8  11 8  1 10  2 10  4 13  5 13  6 13  4 14  4 15  4 16  10 13  11 13  4 21  5 21  6 21  7 21  8 21  9 18  9 19  9 20  9 21  9 22  -1 -2


1 38  2 38  3 38  4 38  4 39  6 33  7 33  8 33  9 23  9 24  9 25  9 26  9 27  9 28  9 33  9 34  9 35  9 36  9 37  9 38  9 39  10 38 -1 -1
3 41  4 41  5 41  5 42  5 43  5 44  6 25  6 26  6 27  6 28  7 25  8 25  9 23  9 24  9 25  9 26  10 26  10 27  8 31  8 32  8 33  8 34  8 35  -1 -1
6 25  7 25  8 25  9 25  10 25  10 26  10 27  10 28  10 29  10 30  4 32  5 32  4 33  5 33  4 34  5 34  4 35  5 35  4 36  5 36  6 34  7 34  8 34  9 34  9 35  9 36  7 40  7 41  7 42  7 43  7 44  8 40  9 40  10 40  11 40  12 40 -1 -2


15 12  15 17  15 18  16 11  16 12  16 17  16 18  17 5  17 9  17 10  17 11  18 5  19 5  20 1  20 2  20 3  20 4  20 5  20 11  20 12  20 13  21 5  21 13  22 13  23 13  24 13  -1 -1
19 6  20 6  21 6  22 6  23 6  24 6  15 9  16 9  17 9  18 9  19 9  20 9  19 13  20 13  21 13  22 13  23 13  24 13  14 17  14 18  14 19  14 20  15 19  16 19  -1 -1
19 4  19 5  19 6  20 4  20 5  20 6  21 4  21 5  21 6  15 6  15 7  15 8  15 9  15 10  15 11  13 12  14 12  15 12  16 12  16 13  16 14  16 15  16 16  16 17  17 17  13 18  13 19  13 20  13 21  13 22  14 22  21 17  21 18  21 19  21 20  21 21  21 22  -1 -2

13 38  14 38  15 38  16 34  16 35  16 36  16 37  16 38  17 34  18 30  18 31  18 32  18 33  18 34  19 30  20 26  20 27  20 28  20 29  20 30  21 23  21 24  21 25  21 26  -1 -1
21 23  18 24  19 24  20 24  21 24  18 25  18 26  18 27  18 28  18 29  18 30  18 31  21 30  22 30  23 30  24 30  13 38  14 38  15 38  16 38  17 38  18 38 18 34  18 35  18 36  18 37  19 34  20 34 -1 -1
17 23  17 24  17 25  17 26  17 27  17 28  17 29  17 30  18 30  19 30  24 30  13 35  14 35  15 35  16 35  17 35  18 35  21 38  21 39  21 40  21 41 -1 -2
